1 20
1 20
1 20
1 19
1 19
1 20
1 19
1 19
1 19
1 19
2 38
2 35
2 40
2 41
2 43
2 44
2 37
2 37
2 43
2 40
4 57
4 70
4 76
4 72
4 71
4 67
4 76
4 74
4 54
4 59
6 72
6 72
6 81
6 81
6 91
6 85
6 71
6 74
6 75
6 82
8 83
8 83
8 81
8 76
8 86
8 85
8 85
8 87
8 77
8 77
10 81
10 92
10 85
10 85
10 85
10 92
10 89
10 94
10 89
10 77
12 92
12 96
12 94
12 98
12 98
12 96
12 90
12 91
12 91
12 95
14 86
14 88
14 80
14 99
14 97
14 95
14 102
14 95
14 82
14 87
16 92
16 91
16 87
16 89
16 98
16 98
16 82
16 102
16 98
16 90
18 89
18 87
18 96
18 81
18 90
18 91
18 96
18 84
18 96
18 81
20 87
20 94
20 98
20 99
20 104
20 90
20 92
20 86
20 87
20 102
24 89
24 97
24 102
24 97
24 94
24 93
24 101
24 102
24 93
24 90
28 97
28 99
28 105
28 112
28 99
28 97
28 106
28 101
28 101
28 116
32 128
32 122
32 125
32 128
32 123
32 107
32 110
32 109
32 112
32 131
