1 8
1 9
1 9
1 9
1 9
1 10
1 9
1 8
1 9
1 9
2 11
2 12
2 11
2 12
2 11
2 11
2 11
2 11
2 11
2 12
4 12
4 12
4 13
4 10
4 12
4 12
4 12
4 14
4 12
4 13
6 12
6 10
6 10
6 11
6 12
6 10
6 10
6 13
6 12
6 13
8 13
8 12
8 13
8 13
8 11
8 13
8 13
8 12
8 11
8 12
10 12
10 11
10 11
10 12
10 12
10 12
10 11
10 12
10 11
10 12
12 12
12 11
12 12
12 11
12 12
12 11
12 11
12 11
12 12
12 12
14 12
14 12
14 14
14 12
14 12
14 12
14 12
14 12
14 11
14 11
16 12
16 12
16 12
16 13
16 11
16 12
16 12
16 11
16 12
16 12
18 12
18 12
18 12
18 12
18 12
18 12
18 12
18 12
18 12
18 12
20 12
20 12
20 12
20 11
20 11
20 12
20 12
20 12
20 12
20 12
24 12
24 13
24 12
24 12
24 12
24 12
24 12
24 12
24 11
24 12
28 12
28 12
28 12
28 13
28 13
28 13
28 13
28 12
28 12
28 12
32 13
32 13
32 13
32 13
32 13
32 13
32 13
32 12
32 13
32 12
