1 30
1 29
1 29
1 29
1 29
1 30
1 30
1 30
1 29
1 29
2 63
2 62
2 57
2 58
2 56
2 60
2 56
2 56
2 65
2 59
4 175
4 200
4 210
4 200
4 206
4 209
4 207
4 180
4 194
4 203
6 200
6 205
6 202
6 189
6 207
6 183
6 186
6 203
6 199
6 179
8 159
8 168
8 158
8 151
8 162
8 164
8 152
8 156
8 156
8 160
10 148
10 147
10 148
10 146
10 144
10 146
10 149
10 147
10 148
10 150
12 142
12 145
12 142
12 143
12 140
12 141
12 146
12 140
12 144
12 141
14 135
14 134
14 137
14 137
14 138
14 137
14 148
14 137
14 136
14 138
16 136
16 134
16 135
16 134
16 132
16 134
16 130
16 135
16 134
16 137
18 131
18 135
18 134
18 138
18 134
18 136
18 134
18 136
18 136
18 139
20 136
20 136
20 139
20 137
20 138
20 136
20 135
20 139
20 138
20 135
24 136
24 138
24 139
24 134
24 137
24 134
24 134
24 139
24 137
24 135
28 134
28 135
28 136
28 135
28 134
28 135
28 139
28 135
28 136
28 135
32 134
32 134
32 134
32 136
32 132
32 135
32 135
32 135
32 133
32 136
