1 14
1 14
1 14
1 14
1 14
1 14
1 14
1 14
1 14
1 14
2 67
2 55
2 68
2 47
2 48
2 63
2 63
2 46
2 74
2 51
4 235
4 247
4 207
4 277
4 227
4 217
4 204
4 223
4 286
4 202
6 379
6 383
6 382
6 383
6 414
6 389
6 382
6 425
6 407
6 376
8 529
8 479
8 483
8 509
8 442
8 507
8 480
8 461
8 481
8 534
10 624
10 532
10 639
10 609
10 590
10 541
10 635
10 540
10 545
10 589
12 721
12 693
12 747
12 722
12 798
12 714
12 716
12 708
12 692
12 690
14 762
14 795
14 793
14 898
14 869
14 903
14 811
14 821
14 787
14 827
16 854
16 909
16 870
16 878
16 959
16 876
16 838
16 965
16 971
16 856
18 915
18 918
18 975
18 924
18 914
18 987
18 957
18 937
18 953
18 921
20 990
20 952
20 983
20 943
20 934
20 953
20 1016
20 999
20 1002
20 976
24 1076
24 1125
24 1109
24 1103
24 1114
24 1128
24 1102
24 1082
24 1107
24 1104
28 1206
28 1214
28 1212
28 1166
28 1264
28 1252
28 1191
28 1243
28 1186
28 1207
32 1283
32 1293
32 1289
32 1365
32 1323
32 1302
32 1311
32 1306
32 1402
32 1332
