1 1.746390
1 1.799943
1 1.814701
1 1.766664
1 1.764566
1 1.765801
1 1.783544
1 1.808512
1 1.831090
1 1.815109
2 2.553485
2 2.399560
2 2.644757
2 2.534167
2 2.282149
2 2.600636
2 2.515335
2 2.459169
2 2.548148
2 2.665916
4 2.579199
4 2.630326
4 2.620833
4 2.431640
4 2.538083
4 2.575624
4 2.535417
4 2.579414
4 2.610825
4 2.716233
6 2.436691
6 2.382968
6 2.705931
6 2.587120
6 2.575482
6 2.350393
6 2.589616
6 2.209539
6 2.772506
6 2.600431
8 2.811030
8 2.657744
8 2.773937
8 2.479869
8 2.664954
8 2.638585
8 2.181208
8 2.823087
8 2.868286
8 2.741645
10 2.958708
10 2.664940
10 2.376257
10 2.879549
10 2.883949
10 2.471940
10 2.774730
10 3.014899
10 2.468021
10 2.688110
12 2.403611
12 2.724062
12 2.657540
12 2.926492
12 3.111506
12 2.962291
12 3.010209
12 2.972397
12 2.612297
12 2.542504
14 2.977068
14 2.878979
14 2.962662
14 2.464316
14 2.612630
14 2.693458
14 3.023800
14 2.800906
14 2.645314
14 2.885885
16 2.910180
16 2.616759
16 2.322407
16 2.566753
16 2.240691
16 2.992849
16 3.029978
16 2.736484
16 2.482437
16 2.814669
18 3.098903
18 3.002357
18 2.650170
18 2.994124
18 2.760708
18 2.734517
18 2.394019
18 2.718173
18 2.790260
18 2.793772
20 2.531457
20 2.852495
20 2.950116
20 3.239009
20 3.114887
20 2.969383
20 2.454625
20 2.507667
20 2.926120
20 2.914622
24 2.807581
24 2.947350
24 2.635785
24 2.139129
24 2.780331
24 2.869995
24 2.867387
24 2.535040
24 2.948195
24 2.667156
28 2.774883
28 2.778281
28 2.665386
28 2.772487
28 2.788484
28 2.697666
28 2.847333
28 2.542630
28 2.858211
28 2.718958
32 2.586292
32 2.732917
32 2.848326
32 2.772787
32 3.317894
32 3.058414
32 2.877698
32 2.965876
32 2.435370
32 2.576766
