1 1.777222
1 1.801527
1 1.776323
1 1.743133
1 1.804738
1 1.817638
1 2.131716
1 1.777248
1 1.793071
1 1.785136
2 1.265194
2 1.921412
2 1.903389
2 1.759975
2 1.882385
2 1.889873
2 1.864567
2 1.894197
2 1.916521
2 1.835998
4 1.463638
4 2.167699
4 2.055632
4 1.407293
4 1.597347
4 1.489751
4 1.340929
4 2.216679
4 1.823086
4 2.231350
6 2.364180
6 1.318235
6 2.492619
6 2.406629
6 2.454225
6 2.419072
6 1.141108
6 1.351980
6 1.629909
6 2.566833
8 1.112853
8 1.518783
8 1.802369
8 1.924128
8 2.908695
8 1.055160
8 1.079146
8 2.835325
8 1.161285
8 2.856403
10 3.036430
10 1.834202
10 0.997784
10 2.472872
10 0.932077
10 1.841342
10 0.981715
10 1.191313
10 1.259812
10 1.261468
12 1.048274
12 1.057622
12 1.051300
12 0.999695
12 1.167643
12 1.314849
12 1.358813
12 1.090945
12 1.036828
12 1.753409
14 1.575436
14 1.619886
14 1.415926
14 1.888257
14 1.954145
14 1.238569
14 1.764413
14 1.518157
14 1.137410
14 1.479811
16 1.582654
16 1.579999
16 1.601685
16 1.530534
16 1.658734
16 2.307641
16 1.580911
16 1.711963
16 1.322224
16 1.435414
18 1.359299
18 1.800715
18 1.278836
18 1.423154
18 1.786415
18 1.383543
18 1.460879
18 1.666451
18 1.241325
18 1.494356
20 1.470731
20 2.041031
20 1.201416
20 1.586323
20 1.463884
20 1.224593
20 1.478643
20 1.241886
20 1.280319
20 1.385963
24 1.863475
24 1.220229
24 1.489318
24 1.952971
24 1.529843
24 2.208921
24 1.258990
24 1.307475
24 1.712138
24 1.712743
28 1.551954
28 1.984548
28 1.712097
28 1.407880
28 2.315129
28 1.473577
28 1.530635
28 2.483355
28 2.372106
28 3.031057
32 3.659318
32 2.227552
32 1.413512
32 4.973290
32 1.620842
32 1.961697
32 5.147699
32 2.060448
32 4.187428
32 5.904099
