10 7185
10 7079
10 7212
10 7265
10 3496
10 6499
10 7040
10 6755
10 6588
10 6012
20 3416
20 3374
20 3375
20 2578
20 24641
20 2222
20 2230
20 3122
20 1933
20 4224
50 1306
50 1410
50 1488
50 1527
50 1412
50 1322
50 1476
50 1483
50 1556
50 1532
100 934
100 926
100 867
100 855
100 912
100 836
100 828
100 887
100 959
100 971
200 659
200 658
200 687
200 684
200 1185
200 574
200 573
200 583
200 571
200 2383
500 1005
500 972
500 960
500 925
500 963
500 851
500 865
500 934
500 976
500 987
1000 1778
1000 1731
1000 1704
1000 1703
1000 1700
1000 1683
1000 1697
1000 1697
1000 1680
1000 1706
2000 3884
2000 3612
2000 3652
2000 3779
2000 3610
2000 3621
2000 3607
2000 3614
2000 3617
2000 3608
5000 10988
5000 10779
5000 10931
5000 10257
5000 11103
5000 10614
5000 10886
5000 10801
5000 11168
5000 11070
10000 29862
10000 29727
10000 29539
10000 29734
10000 29803
10000 30167
10000 30394
10000 29723
10000 29913
10000 29825
